epoch_num: 2, lr: 0.00005, batch_size: 16, eval_acc: 0.8627
epoch_num: 3, lr: 0.00002, batch_size: 16, eval_acc: 0.8456
epoch_num: 4, lr: 0.00003, batch_size: 32, eval_acc: 0.8235
epoch_num: 4, lr: 0.00005, batch_size: 16, eval_acc: 0.8652
